	SRR8437484	SRR8437482	SRR8437483	SRR8437481	SRR8437478	SRR8437479
HORVU.MOREX.r3.1HG0019140	47.21129719342	36.4352694272749	40.5689894555805	212.195965218265	88.5871717418337	209.602302065026
HORVU.MOREX.r3.1HG0021710	1186.5178841818	2040.37508792739	2326.34176678143	590.37632989615	970.13756370935	705.357312166651
HORVU.MOREX.r3.1HG0027200	1149.105158104	1107.22735426219	1579.87236079875	664.88069101723	637.395503996121	665.259480467255
HORVU.MOREX.r3.1HG0031260	69.480777001637	4.04836326969721	92.7291187556125	0	2.16066272541058	0
HORVU.MOREX.r3.1HG0043530	75.7162313479377	275.28870233941	165.753299775657	31.1220748986788	69.1412072131385	39.1865173425917
HORVU.MOREX.r3.1HG0050070	6853.65510577686	6681.82357663525	7930.65788157376	2452.04226474439	4272.71053949942	4381.59942751584
HORVU.MOREX.r3.1HG0053480	3258.47028553831	3153.67498709413	4260.9030068204	2356.78985369086	1852.76828703957	2041.34415924199
HORVU.MOREX.r3.1HG0059470	13502.4309973181	16853.3362917495	20628.7515811705	2848.14139981849	8058.19163441875	7326.05611435104
HORVU.MOREX.r3.1HG0059670	508.634918819676	1017.15127151142	564.488510424791	178.244610783342	342.465041977577	276.128250111751
HORVU.MOREX.r3.1HG0065100	4.4538959616434	8.09672653939442	6.95468390667094	33.9513544349224	38.8919290573904	21.871544563307
HORVU.MOREX.r3.1HG0072060	3758.1974124347	1346.08078717432	3529.5020826355	961.9550423228	1269.38935117871	1243.03278268128
HORVU.MOREX.r3.1HG0073940	16666.4786884696	14472.8986891675	16104.729699881	10866.3196055327	9631.15409851765	10513.833734453
HORVU.MOREX.r3.1HG0074300	568.317124705697	671.016211952313	950.473467245029	280.09867408811	391.079953299315	327.161854092801
HORVU.MOREX.r3.1HG0077120	430.246349894752	816.757289661412	622.444209647049	163.155119923377	186.897325748015	214.158873849048
HORVU.MOREX.r3.1HG0079940	592.368162898572	293.506337053048	440.46331408916	223.513083363239	156.648047592267	212.336245135439
HORVU.MOREX.r3.1HG0087850	1468.89488814999	1820.75138054632	1584.50881673653	516.815061953818	628.752853094478	557.724386364329
HORVU.MOREX.r3.1HG0093760	11.5801295002728	5.06045408712151	10.4320258600064	96.19550423228	27.0082840676322	30.9846881313516
HORVU.MOREX.r3.1HG0094770	251.199732236688	219.623707381074	219.072543060135	125.431392773463	111.274130358645	107.535094102926
HORVU.MOREX.r3.2HG0105150	154.104800272861	34.4110877924263	92.7291187556125	22.6342362899482	15.124639077874	22.7828589201115
HORVU.MOREX.r3.2HG0109700	7206.40366593901	5074.62335856545	8357.21182784958	2390.74120812578	3693.65292908938	3777.39800895448
HORVU.MOREX.r3.2HG0118240	0	0	0	9.43093178747844	30.2492781557481	12.7584009952624
HORVU.MOREX.r3.2HG0126510	1031.52230471661	571.831311844731	908.745363805003	2259.65125627983	1356.89619155784	1744.25567892373
HORVU.MOREX.r3.2HG0126960	772.305559748965	654.822758873524	829.925612862732	166.927492638368	329.501065625113	310.75819567032
HORVU.MOREX.r3.2HG0140380	341.168430661884	414.957235143964	434.667744166934	166.927492638368	207.423621639416	205.957044637808
HORVU.MOREX.r3.2HG0140480	17.8155838465736	47.5682684189422	30.1369635955741	112.228088270993	76.7035267520755	139.431096591082
HORVU.MOREX.r3.2HG0141870	298.411029430108	147.765259343948	183.140009542335	84.8783860873059	76.7035267520755	81.1069777555968
HORVU.MOREX.r3.2HG0153750	1375.36307295548	1308.63342692962	1469.75653227646	859.157885839286	999.306510502393	831.118693405666
HORVU.MOREX.r3.2HG0161720	2863.8551033367	1337.98406063493	2372.70632615924	857.27169948179	993.904853688866	1050.74545339554
HORVU.MOREX.r3.2HG0167350	367.001027239416	246.95015945153	329.188371582425	182.960076677082	133.961088975456	147.632925802322
HORVU.MOREX.r3.2HG0168120	1686.24501107819	2667.87139473046	2507.16354835487	1362.76964329063	1080.33136270529	1039.80968111389
HORVU.MOREX.r3.2HG0184180	30472.6653903718	29289.9082562593	32052.9790118619	16554.1145665609	20136.2962694639	18789.4794085943
HORVU.MOREX.r3.2HG0185880	377.69037754736	220.635798198498	290.937610095734	64.1303361548534	49.6952426844433	82.9296064692058
HORVU.MOREX.r3.2HG0187120	140.743112387931	147.765259343948	193.572035402341	38.6668203286616	52.9362367725592	56.5014901218764
HORVU.MOREX.r3.2HG0190560	161.231033811491	199.381891032588	205.163175246793	628.100057046064	423.489894180473	441.076148693358
HORVU.MOREX.r3.2HG0196370	646.705693630621	623.447943533371	679.240794884862	1060.03673291258	1088.97401360693	1183.79734948899
HORVU.MOREX.r3.2HG0200390	6046.60915752707	2989.71627467139	6526.97084641068	1736.23454207478	1893.82087882237	1713.27099079238
HORVU.MOREX.r3.2HG0204690	1769.97825515709	795.503382495502	1392.09589531863	663.937597838482	415.927574641536	498.488953172039
HORVU.MOREX.r3.2HG0209020	3232.63768896078	987.80063780612	1977.44845746344	480.034427982652	380.276639672262	493.932381388017
HORVU.MOREX.r3.2HG0209950	12.4709086926015	10.120908174243	5.79556992222578	81.1060133723145	25.9279527049269	41.9204604130051
HORVU.MOREX.r3.3HG0231800	20002.4467637405	15764.3265722009	21834.2301249934	4131.6912160943	8353.1220964373	6430.23410161226
HORVU.MOREX.r3.3HG0242880	669.865952631167	675.06457522201	591.14813206703	949.694830999078	1106.25931541022	1185.6199782026
HORVU.MOREX.r3.3HG0249400	18535.3334339752	16441.4153290578	19702.6195075988	6995.8651999515	10459.7682537126	8683.91450598969
HORVU.MOREX.r3.3HG0281620	0	0	0	5.65855907248706	2.16066272541058	39.1865173425917
HORVU.MOREX.r3.3HG0294720	298.411029430108	235.817160459863	366.28001908467	1424.07069990924	388.919290573904	1181.97472077538
HORVU.MOREX.r3.3HG0299950	12029.9729923988	6783.03265837768	14247.8290967999	3288.56591429373	3989.66372247063	5002.20450449967
HORVU.MOREX.r3.3HG0303730	1.78155838465736	0	0	41.4960998649051	24.8476213422217	42.8317747698096
HORVU.MOREX.r3.3HG0307250	3.56311676931472	11.1329989916673	6.95468390667094	25.4635158261918	34.5706036065693	85.6635495396191
HORVU.MOREX.r3.3HG0309470	293.066354276135	355.24387691593	420.758376353592	92.4231315172887	149.08572805333	87.486178253228
HORVU.MOREX.r3.3HG0313430	350.076222585171	154.849895065918	354.688879240218	79.2198270148189	105.872473545118	93.8653787508593
HORVU.MOREX.r3.3HG0318820	583.460370975285	686.197574213677	1160.2730984296	3612.98996778299	2415.62092700903	2374.88521383242
HORVU.MOREX.r3.3HG0318840	171.029604927106	107.281626646976	143.730134071199	597.921075326133	465.62281732598	818.360292410404
HORVU.MOREX.r3.3HG0318900	28.5049341545177	54.6529041409124	34.7734195333547	269.724649121883	96.1494912807707	95.6880074644682
HORVU.MOREX.r3.3HG0319530	3061.60808403367	3836.83628885553	4017.48907008691	2097.4392295352	2254.65155396594	2170.75079790822
HORVU.MOREX.r3.3HG0322360	96.2041527714974	34.4110877924263	37.091647502245	159.382747208386	220.387597991879	235.11910405555
HORVU.MOREX.r3.3HG0326310	367.001027239416	99.1849001075817	541.306230735888	1279.77744356082	1057.64440408848	1832.65317153377
HORVU.MOREX.r3.4HG0333410	501.508685281046	112.342080734098	365.120905100224	2863.23089067845	1039.27877092249	3679.8873727764
HORVU.MOREX.r3.4HG0333690	1007.47126652374	1287.37951976371	1291.2529786719	787.482804254449	626.592190369068	702.623369096238
HORVU.MOREX.r3.4HG0335650	8203.18558215481	11285.8247050984	10137.6109079573	4338.22862224008	6088.74756020701	5953.61669300353
HORVU.MOREX.r3.4HG0338060	1413.66657822561	618.387489446249	373.23470299134	249.919692368179	267.922177950912	237.853047125964
HORVU.MOREX.r3.4HG0338340	179.046617658065	110.317899099249	163.435071806767	602.636541219872	226.869586168111	361.79179965137
HORVU.MOREX.r3.4HG0338600	897.01464667498	767.164839607622	1007.27005248284	2580.3029370541	1446.56369466238	1803.49111211602
HORVU.MOREX.r3.4HG0341070	38222.4443636313	15832.1366569684	36786.8005243359	7237.29705371095	6238.91361962305	8973.71247145351
HORVU.MOREX.r3.4HG0342080	1003.90814975442	888.615737698538	1189.25094804073	523.416714205053	458.060497787043	554.079128937111
HORVU.MOREX.r3.4HG0393050	56.1190891167068	33.398996975002	35.9325335177999	396.099135074094	61.5788876742015	150.366868872736
HORVU.MOREX.r3.4HG0393620	1133.07113264208	1164.91653085537	1279.66183882745	1935.22720279058	1848.44696158875	1993.04449833135
HORVU.MOREX.r3.4HG0409490	92.6410360021826	116.390444003795	111.274942506735	464.944937122687	187.97765711072	227.828589201115
HORVU.MOREX.r3.5HG0423060	83.7332440788959	15.1813622613645	79.9788649267158	735.612679423318	350.027361516514	896.733327095587
HORVU.MOREX.r3.5HG0428970	85.5148024635532	120.438807273492	81.137978911161	176.358424425847	193.379313924247	299.822423388667
HORVU.MOREX.r3.5HG0430240	1536.59410676697	592.073128193217	1210.11499976074	221.626897005743	227.949917530816	359.057856580957
HORVU.MOREX.r3.5HG0442330	1317.46242545412	1589.99467417358	1292.41209265635	2242.67557906237	2802.37955485752	3123.07430076888
HORVU.MOREX.r3.5HG0464780	1644.37838903874	1022.21172559855	1716.64781096328	584.717770823663	594.182249487909	719.938341875522
HORVU.MOREX.r3.5HG0466340	30.2864925391751	28.3385428878805	35.9325335177999	7.54474542998275	1.08033136270529	7.29051485443567
HORVU.MOREX.r3.5HG0473560	691.244653247055	64.7738123151554	253.845962593489	7060.9386292851	1796.5910561789	4345.14685324366
HORVU.MOREX.r3.5HG0473580	659.176602323223	101.20908174243	330.34748556687	7209.00425834852	1782.54674846373	4958.46141537306
HORVU.MOREX.r3.5HG0480220	31.1772717315038	12.1450898090916	25.5005076577934	120.715926879724	65.9002131250226	98.4219505348815
HORVU.MOREX.r3.5HG0480440	245.855057082715	206.466526754558	220.23165704458	140.520883633429	93.9888285553602	115.736923314166
HORVU.MOREX.r3.5HG0480800	208.442331004911	306.663517679564	241.095708764593	475.318962088913	442.935858709169	495.755010101626
HORVU.MOREX.r3.5HG0481630	481.911543049815	381.558238168962	629.39889355372	1568.36395625766	931.245634651959	1192.91049305704
HORVU.MOREX.r3.5HG0484850	81.0609065019098	115.378353186371	98.5246886778383	37.7237271499137	31.3296095184534	27.3394307041338
HORVU.MOREX.r3.5HG0485050	235.165706774771	232.78088800759	306.006091893521	135.805417739689	157.728378954972	128.495324309429
HORVU.MOREX.r3.5HG0497220	3.56311676931472	0	2.31822796889031	60.357963439862	9.7229822643476	102.978522318904
HORVU.MOREX.r3.5HG0509280	28.5049341545177	53.6408133234881	15.068481797787	449.855446262721	115.595455809466	117.559552027775
HORVU.MOREX.r3.5HG0509460	132.726099656973	191.285164493193	163.435071806767	299.903630841814	303.573112920186	277.95087882536
HORVU.MOREX.r3.5HG0510940	521.105827512277	352.207604463657	592.307246051475	216.911431112004	189.057988473426	246.966190694008
HORVU.MOREX.r3.5HG0511110	3319.93404980899	3269.0533402805	3224.65510472643	1909.76368696438	2135.81510406836	1961.1484958432
HORVU.MOREX.r3.5HG0516400	1101.89386091058	962.498367370512	901.790679898332	533.790739171279	674.126770328101	597.822218063725
HORVU.MOREX.r3.5HG0519690	122.927528541358	129.547624630311	117.070512428961	62.2441497973577	57.2575622233803	46.4770321970274
HORVU.MOREX.r3.5HG0527250	1931.20928896858	2479.62250268954	2432.98025335038	759.190008892014	775.677918422398	674.3726240353
HORVU.MOREX.r3.6HG0540160	301.083367007094	317.796516671231	499.578127295863	73.5612679423318	130.72009488734	113.914294600557
HORVU.MOREX.r3.6HG0544330	12488.7242764481	6207.15298326325	15266.6902891272	2424.69256256071	3154.56757909944	3548.65810539656
HORVU.MOREX.r3.6HG0582560	12.4709086926015	22.2659979833347	4.63645593778063	10.3740249662263	127.479100799224	236.941732769159
HORVU.MOREX.r3.6HG0596750	61.4637642706789	16.1934530787888	76.5015229733803	8.48783860873059	0	3.64525742721784
HORVU.MOREX.r3.6HG0602510	735.783612863489	542.480678139426	698.94573262043	230.114735614474	370.553657407914	254.256705548444
HORVU.MOREX.r3.6HG0613220	54.3375307320494	53.6408133234881	73.0241810200449	267.838462764388	117.756118534877	202.31178721059
HORVU.MOREX.r3.6HG0615840	767.851663787322	688.221755848526	834.562068800513	439.481421296495	506.675409108781	440.164834336554
HORVU.MOREX.r3.6HG0618720	269.015316083261	230.756706372741	253.845962593489	457.400191692704	492.631101393612	976.92899049438
HORVU.MOREX.r3.6HG0622920	8186.26077750056	8746.48884418083	9518.64404026363	4406.13133110993	3279.88601717326	3969.68533824022
HORVU.MOREX.r3.6HG0626160	212.005447774226	374.473602446992	200.526719309012	574.343745857437	595.262580850614	701.712054739433
HORVU.MOREX.r3.7HG0653380	2020.28720820144	2597.02503751076	3101.78902237524	1010.99588761769	1509.22291369929	1073.52831231565
HORVU.MOREX.r3.7HG0665140	1917.84760108365	3236.66643412292	3374.18080871985	1189.24049840103	1353.65519746973	1113.62614401505
HORVU.MOREX.r3.7HG0673610	375.018039970374	499.972863807606	595.784588004811	1010.99588761769	948.530936455244	882.152297386716
HORVU.MOREX.r3.7HG0674400	603.057513206516	340.062514654566	717.491556371552	142.407069990924	123.157775348403	142.165039661496
HORVU.MOREX.r3.7HG0677990	299.301808622436	260.107340078046	316.438117753528	137.691604097185	156.648047592267	161.302641154389
HORVU.MOREX.r3.7HG0679350	131.835320464645	73.8826296719741	103.161144615619	33.9513544349224	50.7755740471486	21.871544563307
HORVU.MOREX.r3.7HG0680850	0.890779192328679	2.02418163484861	2.31822796889031	28.2927953624353	11.8836449897582	20.0489158496981
HORVU.MOREX.r3.7HG0683600	63.2453226553362	73.8826296719741	63.7512691444836	24.5204226474439	17.2853018032846	24.6054876337204
HORVU.MOREX.r3.7HG0687560	497.945568511732	335.002060567444	471.759391669179	171.642958532108	168.531692582025	143.0763540183
HORVU.MOREX.r3.7HG0712940	277.032328814219	65.7859031325797	165.753299775657	977.044533182766	385.678296485788	553.167814580307
HORVU.MOREX.r3.7HG0715280	529.122840243235	627.496306803068	499.578127295863	253.69206508317	370.553657407914	276.128250111751
HORVU.MOREX.r3.7HG0728340	1868.85474550557	1146.69889614174	1767.64882627886	554.538789103732	479.667125041148	713.559141377891
HORVU.MOREX.r3.7HG0729110	1843.02214892804	1063.70744911294	1335.29931008082	549.823323209993	721.661350287133	805.601891415142
HORVU.MOREX.r3.7HG0732230	139.852333195603	16.1934530787888	18.5458237511225	5.65855907248706	8.64265090164231	5.46788614082675
HORVU.MOREX.r3.7HG0735700	86.4055816558819	233.792978825014	83.4562068800513	739.385052138309	396.481610112841	486.641866533581
HORVU.MOREX.r3.7HG0737860	128.27220369533	70.8463572197012	41.7281034400256	522.473621026305	131.800426250045	277.039564468555
HORVU.MOREX.r3.7HG0739150	2395.30524817182	2365.2562403206	4213.37933345815	6790.27088698447	5456.75371302442	6096.69304702183
HORVU.MOREX.r3.7HG0747520	5.34467515397208	8.09672653939442	9.27291187556125	46.2115657586443	37.8115976946851	32.8073168449605
HORVU.MOREX.r3.7HG0752040	16.9248046542449	9.10881735681873	12.7502538288967	320.651680774267	30.2492781557481	51.9449183378542
