	baseMean	log2FoldChange	lfcSE	stat	pvalue	padj
HORVU.MOREX.r3.1HG0019140	105.7668325169	2.03877853347947	0.409342906271595	4.98061283643391	6.33832327036193e-07	0.000434711463681131
HORVU.MOREX.r3.1HG0021710	1303.18432411046	-1.29333135287869	0.309281737641272	-4.18172557727541	2.89305025308432e-05	0.0085981453521666
HORVU.MOREX.r3.1HG0027200	967.290091440923	-0.962627781667783	0.209548039853941	-4.59382861485486	4.35186836528657e-06	0.00189274430950708
HORVU.MOREX.r3.1HG0031260	28.0698202920596	-6.36787666886592	1.40092907494673	-4.5454668496391	5.48136241863792e-06	0.00222144669657162
HORVU.MOREX.r3.1HG0043530	109.368005486236	-1.89257824855719	0.509377874951987	-3.71547006971117	0.000202826274165967	0.0354588051071325
HORVU.MOREX.r3.1HG0050070	5428.74813262425	-0.950688729546817	0.259807898997623	-3.65919871264389	0.000253005103891954	0.0413907065376268
HORVU.MOREX.r3.1HG0053480	2820.65842990421	-0.771549578892006	0.205041950581509	-3.76288645666828	0.000167963471610075	0.0315276276394828
HORVU.MOREX.r3.1HG0059470	11536.1513364711	-1.48356898238934	0.369056095063694	-4.0199010454855	5.82225912504882e-05	0.0142222636599823
HORVU.MOREX.r3.1HG0059670	481.185433938094	-1.39206186094992	0.352279315809686	-3.95158556996278	7.76351023221135e-05	0.0177485787770247
HORVU.MOREX.r3.1HG0065100	19.0366890772214	2.28776624105819	0.622044228437044	3.67781925540321	0.000235236550478648	0.0399498873155739
HORVU.MOREX.r3.1HG0072060	2018.02624307122	-1.3132906815493	0.364619260325965	-3.60181379440909	0.000316004684215248	0.0489508983382836
HORVU.MOREX.r3.1HG0073940	13042.5690860036	-0.607319298536381	0.152827113057919	-3.97389760484593	7.07059695987492e-05	0.0164292491654619
HORVU.MOREX.r3.1HG0074300	531.357880897211	-1.13295131824043	0.26748543794174	-4.2355626046723	2.27980172672304e-05	0.00700921110188367
HORVU.MOREX.r3.1HG0077120	405.609861453942	-1.72759202549299	0.289494225710281	-5.96762170732181	2.4073670889253e-09	4.76979665885733e-06
HORVU.MOREX.r3.1HG0079940	319.805865021954	-1.16219069844265	0.31395435066301	-3.70178242788586	0.000214090169721442	0.0367082298699303
HORVU.MOREX.r3.1HG0087850	1096.24123114091	-1.51723644972015	0.18566684921048	-8.17182203593139	3.03766403593846e-16	2.70838125444273e-12
HORVU.MOREX.r3.1HG0093760	30.2101809797774	2.50957519873198	0.685533962162422	3.66075984159248	0.000251468383891627	0.0413907065376268
HORVU.MOREX.r3.1HG0094770	172.356099985488	-1.00381562760224	0.228496041679353	-4.39314230664391	1.11723941881174e-05	0.0041505444408856
HORVU.MOREX.r3.2HG0105150	56.9644568514723	-2.21414643289481	0.568629430191914	-3.89383017362912	9.86737421755861e-05	0.0209470258389887
HORVU.MOREX.r3.2HG0109700	5083.33849975395	-1.06539716476582	0.271600543064334	-3.92266212999973	8.7575922637202e-05	0.0191022266973802
HORVU.MOREX.r3.2HG0118240	8.73976848974816	6.54454449682531	1.50330803066121	4.35342881388506	1.34024628499836e-05	0.00477985435081814
HORVU.MOREX.r3.2HG0126510	1312.15035118796	1.09355226652685	0.293827963896173	3.72174333588367	0.000197852075947382	0.0349316655276605
HORVU.MOREX.r3.2HG0126960	510.706780903171	-1.48406683870599	0.294246511137392	-5.04361745180738	4.56812146711539e-07	0.000339411425006673
HORVU.MOREX.r3.2HG0140380	295.183594814729	-1.0364605587199	0.222677171650909	-4.65454339587519	3.24699448208598e-06	0.00165429730298735
HORVU.MOREX.r3.2HG0140480	70.6472545792068	1.78757731241225	0.449919874123774	3.97310146810826	7.09428098777795e-05	0.0164292491654619
HORVU.MOREX.r3.2HG0141870	145.334198151895	-1.37624819732251	0.335588563176369	-4.10099850929433	4.11371210510581e-05	0.0109486140683951
HORVU.MOREX.r3.2HG0153750	1140.55602031815	-0.627325083815915	0.170774629084929	-3.67340914266566	0.000239335802189028	0.0402626040059882
HORVU.MOREX.r3.2HG0161720	1579.41124944951	-1.17997849328839	0.294476553753844	-4.00703715880467	6.14851927354452e-05	0.0148162696872765
HORVU.MOREX.r3.2HG0167350	234.615608288038	-1.02103760772086	0.262988841245204	-3.88243699955648	0.000103414814300234	0.0216952113953149
HORVU.MOREX.r3.2HG0168120	1724.03177354556	-0.977894989736659	0.242902904550699	-4.0258678320273	5.67655681802904e-05	0.0140589390526519
HORVU.MOREX.r3.2HG0184180	24549.240483852	-0.72678381363794	0.157557471469812	-4.61281719526194	3.97247658223906e-06	0.00177093006036217
HORVU.MOREX.r3.2HG0185880	181.003161858349	-2.17331999142902	0.323243808506012	-6.72346982135189	1.77447249737615e-11	7.91059839330289e-08
HORVU.MOREX.r3.2HG0187120	105.03082572622	-1.70114867844526	0.310255115214735	-5.48306408185359	4.18021509271031e-08	3.72707977666051e-05
HORVU.MOREX.r3.2HG0190560	343.073700001794	1.40158402310576	0.253137910877225	5.53683965490868	3.07978265491327e-08	2.89045706854808e-05
HORVU.MOREX.r3.2HG0196370	880.367088009559	0.774107211848097	0.160498824372954	4.82313322152	1.4132051225115e-06	0.00086897495671121
HORVU.MOREX.r3.2HG0200390	3484.43711504978	-1.5423524662066	0.299302233256424	-5.15316056758321	2.5613247304984e-07	0.000207607011792034
HORVU.MOREX.r3.2HG0204690	922.655276437213	-1.32603743812213	0.327589762489174	-4.04785982335439	5.16880848840902e-05	0.0131671704236157
HORVU.MOREX.r3.2HG0209020	1258.68837221221	-2.19420879503271	0.384031404276292	-5.71361813278709	1.1059903316366e-08	1.55155634813135e-05
HORVU.MOREX.r3.2HG0209950	29.5569688798862	2.37935485693446	0.624137027148197	3.81223153480605	0.000137717777511436	0.0272864823175992
HORVU.MOREX.r3.3HG0231800	12752.6751458465	-1.6066096661587	0.284777497738248	-5.64163137508642	1.68446437501235e-08	2.00249124901469e-05
HORVU.MOREX.r3.3HG0242880	862.94213075535	0.743038098689308	0.182654713950685	4.06799300504187	4.7419804508014e-05	0.0124351463821604
HORVU.MOREX.r3.3HG0249400	13469.8193717143	-1.0648023179315	0.208494200401985	-5.10710761200321	3.27127468421664e-07	0.000253623348560657
HORVU.MOREX.r3.3HG0281620	7.83428985674823	6.3951814435089	1.77741340041538	3.59802702174651	0.000320640312377947	0.0489508983382836
HORVU.MOREX.r3.3HG0294720	649.245486705528	1.73445792661455	0.427061739263895	4.06137512951676	4.8784509617262e-05	0.0126076141376089
HORVU.MOREX.r3.3HG0299950	7556.87814814007	-1.42872156831588	0.30496599740991	-4.68485529682022	2.80157789695404e-06	0.00148368360086114
HORVU.MOREX.r3.3HG0303730	18.4928423935989	5.78411623796266	1.18965130626926	4.86202655137801	1.16190032944832e-06	0.000739964524097233
HORVU.MOREX.r3.3HG0307250	27.8914114400055	2.76222298127024	0.700991338960318	3.94045236759567	8.1328098769704e-05	0.0183575019906501
HORVU.MOREX.r3.3HG0309470	233.010607561584	-1.70276679716196	0.299350822172833	-5.68819816428915	1.28386790100123e-08	1.63528088647528e-05
HORVU.MOREX.r3.3HG0313430	189.762112700351	-1.62446557609102	0.365930967275195	-4.43926784384268	9.02654240019097e-06	0.00342470859745118
HORVU.MOREX.r3.3HG0318820	1805.5711920405	1.79092916484836	0.312016818117228	5.73984817759243	9.47614661420220e-09	1.53616951294958e-05
HORVU.MOREX.r3.3HG0318840	383.990925117966	2.15610872873956	0.298940286356143	7.21250640059559	5.49312477429255e-13	3.26511336583949e-09
HORVU.MOREX.r3.3HG0318900	96.5822342826512	1.97039841641553	0.50205434964023	3.92467153770804	8.68481556519497e-05	0.0191022266973802
HORVU.MOREX.r3.3HG0319530	2906.46250406425	-0.742712390363321	0.178577474483188	-4.15904857268683	3.19575942963362e-05	0.00910388669575853
HORVU.MOREX.r3.3HG0322360	130.432722886997	1.866099275457	0.435589273599989	4.28407995457363	1.83496921327933e-05	0.00592406051010531
HORVU.MOREX.r3.3HG0326310	862.927862877659	2.05003382473154	0.491113672495861	4.17425524790051	2.9896242500616e-05	0.00873950485690138
HORVU.MOREX.r3.4HG0333410	1426.89478424879	2.95306022110829	0.530322353451072	5.56842494360506	2.57052310717829e-08	2.69795629534917e-05
HORVU.MOREX.r3.4HG0333690	950.467021446518	-0.75981454342044	0.200511709153469	-3.78937742153945	0.000151025310970945	0.0289578854326224
HORVU.MOREX.r3.4HG0335650	7667.86901177686	-0.854904584279589	0.220834680401354	-3.87124242771041	0.000108282035140634	0.0224521540770672
HORVU.MOREX.r3.4HG0338060	526.83061468471	-1.6712637395551	0.42901603221046	-3.89557409065599	9.79664085810979e-05	0.0209470258389887
HORVU.MOREX.r3.4HG0338340	274.016252600572	1.39592443811428	0.38447952458822	3.63068602836346	0.000282668880061257	0.0450049238326102
HORVU.MOREX.r3.4HG0338600	1416.96788043299	1.12632481078457	0.262340759017077	4.29336567830565	1.75984799597806e-05	0.00581140916005199
HORVU.MOREX.r3.4HG0341070	18881.8841149539	-2.01661527407311	0.337267893761471	-5.97926844320184	2.24141926567819e-09	4.76979665885733e-06
HORVU.MOREX.r3.4HG0342080	769.555196070483	-1.0040404504541	0.201301024041358	-4.98775629798988	6.10845542426835e-07	0.000434711463681131
HORVU.MOREX.r3.4HG0393050	122.249251871757	2.27517936801644	0.591974777585865	3.8433721404396	0.000121355236784278	0.0243146807004185
HORVU.MOREX.r3.4HG0393620	1559.06136083926	0.691731571385809	0.153344509622432	4.51096405791772	6.45336559370347e-06	0.00255725367259823
HORVU.MOREX.r3.4HG0409490	200.176267657872	1.46091743830116	0.37870213518079	3.85769527706446	0.000114461223694821	0.023194006146887
HORVU.MOREX.r3.5HG0423060	360.211139883733	3.47033252967801	0.540382502411554	6.42199278139286	1.34501802297938e-10	3.8159022392686e-07
HORVU.MOREX.r3.5HG0428970	159.441958397828	1.22200876412364	0.323415559676916	3.77844765831426	0.000157809011809445	0.0299367053041066
HORVU.MOREX.r3.5HG0430240	691.236150973075	-2.04534198333494	0.369100340964095	-5.54142534247592	3.00019483748612e-08	2.89045706854808e-05
HORVU.MOREX.r3.5HG0442330	2061.33310449547	0.959619307321346	0.204921374863289	4.6828658453104	2.82891669074017e-06	0.00148368360086114
HORVU.MOREX.r3.5HG0464780	1047.01271463128	-1.20660012617019	0.254823591444589	-4.7350408937022	2.19010935442101e-06	0.00125980741961405
HORVU.MOREX.r3.5HG0466340	18.4121934319965	-2.54408434678078	0.687120127536653	-3.70253212622573	0.000213458320441892	0.0367082298699303
HORVU.MOREX.r3.5HG0473560	2368.75682781056	3.70827754931728	0.987786389803693	3.75412901776693	0.000173945257490265	0.0321527216652292
HORVU.MOREX.r3.5HG0473580	2506.79093196964	3.67664176279073	0.869505174940102	4.22842999530624	2.35327713378987e-05	0.00711248099148151
HORVU.MOREX.r3.5HG0480220	58.9768266230028	2.04819707484543	0.460203869896558	4.45062983782777	8.56188102047002e-06	0.00331903179037003
HORVU.MOREX.r3.5HG0480440	170.466646064135	-0.939795351472636	0.258218023110047	-3.63954204339995	0.00027312334314906	0.0438768959912976
HORVU.MOREX.r3.5HG0480800	361.701898058129	0.90398998573099	0.225822026040745	4.00310811828374	6.2515714698973e-05	0.0148637363268278
HORVU.MOREX.r3.5HG0481630	864.23145978986	1.30745205296949	0.28216705168562	4.63360993127648	3.59343797695934e-06	0.00177093006036217
HORVU.MOREX.r3.5HG0484850	65.2261192897699	-1.61238896027523	0.348457696646752	-4.6272158020656	3.70614284639764e-06	0.00177093006036217
HORVU.MOREX.r3.5HG0485050	199.330301279995	-0.874675241746261	0.24312805800978	-3.5975907055165	0.000321178505247823	0.0489508983382836
HORVU.MOREX.r3.5HG0497220	29.8234687935531	4.86178749697173	1.02104479461958	4.76158100270532	1.92082169438633e-06	0.00114173641514324
HORVU.MOREX.r3.5HG0509280	130.037447229293	2.80983503859512	0.613241001656663	4.58194254951053	4.60676469118001e-06	0.00195590066602671
HORVU.MOREX.r3.5HG0509460	228.145659757382	0.856024703476802	0.234652303645781	3.64805582633023	0.00026423223193048	0.0428344469071302
HORVU.MOREX.r3.5HG0510940	353.092714717808	-1.16512792064422	0.268275179609253	-4.34303286029383	1.40529104807125e-05	0.00491355881749149
HORVU.MOREX.r3.5HG0511110	2636.72829694864	-0.708402076846618	0.144881602849534	-4.88952401763754	1.01080090096427e-06	0.000667577839481292
HORVU.MOREX.r3.5HG0516400	795.320439290421	-0.71701168276887	0.191651038774336	-3.74123556728087	0.000183117781263599	0.0329833967221465
HORVU.MOREX.r3.5HG0519690	89.2540683030658	-1.1565920725396	0.287234927902539	-4.02664147074773	5.65792033805357e-05	0.0140589390526519
HORVU.MOREX.r3.5HG0527250	1508.84209939304	-1.63126171235269	0.186947915593539	-8.72575501670406	2.64410533954949e-18	4.71496864148464e-14
HORVU.MOREX.r3.6HG0540160	239.442278067403	-1.81390058049407	0.325753670526414	-5.5683196986325	2.57207587600583e-08	2.69795629534917e-05
HORVU.MOREX.r3.6HG0544330	7181.7476326492	-1.89556558870343	0.331984896632549	-5.70979465611504	1.13112564634969e-08	1.55155634813135e-05
HORVU.MOREX.r3.6HG0582560	69.0280368580544	3.24546924728816	0.865427426136516	3.7501344991766	0.000176739746659216	0.0321594200247668
HORVU.MOREX.r3.6HG0596750	27.7153060597994	-3.64381517683053	0.883419468784157	-4.12467158081255	3.71264135989618e-05	0.0100308819287377
HORVU.MOREX.r3.6HG0602510	472.022520365696	-1.21116290708601	0.262320366235703	-4.6171135107281	3.89114454518114e-06	0.00177093006036217
HORVU.MOREX.r3.6HG0613220	128.151482264239	1.70423452209671	0.372776981428008	4.5717268152348	4.8372131416685e-06	0.00200598104051704
HORVU.MOREX.r3.6HG0615840	612.826192196365	-0.724761885942882	0.184797069745224	-3.92193386476364	8.78411052705908e-05	0.0191022266973802
HORVU.MOREX.r3.6HG0618720	446.763044771698	1.35472555130972	0.32766844386349	4.13444009235783	3.55821052277701e-05	0.00991406406908745
HORVU.MOREX.r3.6HG0622920	6351.18272474474	-1.18215117044602	0.184550082619266	-6.40558461783428	1.49794278122926e-10	3.8159022392686e-07
HORVU.MOREX.r3.6HG0626160	443.054025162952	1.24942208004384	0.292769725686772	4.26759316426238	1.97593259764389e-05	0.00618154913705015
HORVU.MOREX.r3.7HG0653380	1885.47473028668	-1.10305249254821	0.252208071303258	-4.37358125316255	1.22224723117316e-05	0.00444798216862851
HORVU.MOREX.r3.7HG0665140	2030.86944730204	-1.22176243251554	0.258732338247677	-4.72210950045981	2.33410949339617e-06	0.00130068251519502
HORVU.MOREX.r3.7HG0673610	718.742435540406	0.951677982675495	0.228901957212127	4.15757905378485	3.21637988914753e-05	0.00910388669575853
HORVU.MOREX.r3.7HG0674400	344.723578205576	-2.02492277870284	0.312808664142502	-6.47335899168182	9.58478612006215e-11	3.41831812185896e-07
HORVU.MOREX.r3.7HG0677990	221.914926549642	-0.942523501796406	0.219065623828367	-4.30247103733105	1.68903755174474e-05	0.00572581718227722
HORVU.MOREX.r3.7HG0679350	69.2462612996026	-1.5430121586896	0.426879532440068	-3.61463139230325	0.000300775248395936	0.0474639312335959
HORVU.MOREX.r3.7HG0680850	10.9097574996599	3.5614887699049	0.953582494633106	3.7348512477415	0.000187826174034551	0.0334931633538411
HORVU.MOREX.r3.7HG0683600	44.5484055927071	-1.59096941923301	0.385689600255318	-4.12499952858417	3.70735516285622e-05	0.0100308819287377
HORVU.MOREX.r3.7HG0687560	297.993004313465	-1.43366119905351	0.247754333974226	-5.78662409676616	7.18150379015111e-09	1.28060575585975e-05
HORVU.MOREX.r3.7HG0712940	404.077029328553	1.91243183840549	0.494625854942121	3.86642109242201	0.000110444175809937	0.0226372476211816
HORVU.MOREX.r3.7HG0715280	426.095207824167	-0.880848269710866	0.234720257788423	-3.75275776369018	0.00017489984306456	0.0321527216652292
HORVU.MOREX.r3.7HG0728340	1088.49458724149	-1.45199395307368	0.266399820282541	-5.45043142872134	5.02477743472353e-08	4.26675386742809e-05
HORVU.MOREX.r3.7HG0729110	1053.18591217234	-1.03049226203206	0.270673378825946	-3.80714300941544	0.000140581459002622	0.0275477865597225
HORVU.MOREX.r3.7HG0732230	32.3934510234117	-3.15291224209945	0.874443098235467	-3.6056231085381	0.000311404819058458	0.0487102695916704
HORVU.MOREX.r3.7HG0735700	337.693882690946	2.00695436544032	0.434690315673922	4.61697510405503	3.89373960905932e-06	0.00177093006036217
HORVU.MOREX.r3.7HG0737860	195.36004601666	1.94763117172264	0.530707846917596	3.66987445735855	0.000242669619353907	0.0404419126384942
HORVU.MOREX.r3.7HG0739150	4552.94307816355	1.03174849997155	0.271771644876761	3.79638023105543	0.000146824247039852	0.0284583692740721
HORVU.MOREX.r3.7HG0747520	23.2574656445363	2.37868908381313	0.555636346328742	4.28101779073643	1.86040482596398e-05	0.00592406051010531
HORVU.MOREX.r3.7HG0752040	73.6049588513049	3.37433990031778	0.784584065504117	4.30080095770194	1.70181870043008e-05	0.00572581718227722
